39,2
0,9
42,3
42,2
42,1
42,0
43,35
30,4
39,1
39,3
41,1
41,3
29,1
29,3
40,1
40,3
38,1
38,3
30,1
30,3
10,273
10,223
10,33
10,93
10,259
10,299
10,69
11,15
11,20
11,17
11,18
11,13
9,7
8,4
8,9
8,12
8,16
12,2
12,1
12,3
20,2
20,1
20,3
19,2
19,1
19,3
18,1
18,3
14,1
14,3
13,1
13,3
36,4
36,3
36,2
36,1
36,0
33,5
33,4
33,3
33,2
33,1
33,0
32,4
32,3
32,2
32,1
32,0
31,4
31,3
31,2
31,1
11,19
11,12
11,10
11,1
11,7
2,2
11,3
11,2
2,1
2,3
10,293
10,281
10,271
10,205
10,193
10,119
10,1
10,111
10,3
10,2
9,1
9,5
9,3
9,2
8,15
8,1
8,6
8,3
8,2
3,3
3,2
3,1
0,278
0,0
